351,4
358,3
356,4
354,3
358,1
358,4
356,1
356,3
354,1
354,4
351,1
351,3
342,1
342,3
348,1
348,3
337,1
337,3
352,5
359,5
359,1
359,3
352,1
352,3
3,2
3,1
3,3
10,197
10,223
10,153
10,163
10,221
10,199
10,5
10,75
11,7
11,14
9,7
9,1
9,5
8,5
8,13
8,14
8,8
8,15
8,7
18,1
20,3
20,2
18,3
20,1
19,3
19,2
19,1
14,5
12,3
12,2
12,1
11,28
11,27
11,26
11,25
11,24
11,23
11,22
11,21
11,20
11,19
11,18
11,17
11,16
11,13
11,11
11,10
11,9
14,1
14,3
11,8
11,6
11,5
11,4
11,3
11,2
13,1
13,3
11,1
10,303
10,302
10,301
10,300
10,299
10,298
10,297
10,296
10,295
10,294
10,293
10,292
10,291
10,290
10,289
10,288
10,287
10,286
10,285
10,284
10,283
10,282
10,281
10,280
10,279
10,278
10,277
10,276
10,275
10,274
10,273
10,272
10,271
10,270
10,269
10,268
10,267
10,266
